vector: [1.16886085e-02 6.93550840e-01 7.08972752e-01 7.14807081e-01
 8.82027152e-01 6.66953868e-01 3.77603964e-01 6.40481053e-01
 4.25935051e-01 5.13167586e-01 8.10384902e-02 6.91214560e-01
 3.10678864e-02 3.28845924e-01 5.72791977e-01 8.08465712e-01
 3.83793058e-01 4.12864341e-01 4.04148057e-01 3.00243266e-01
 9.22931401e-01 5.54356682e-01 5.09178764e-01 2.94561306e-01
 7.38600562e-01 2.98540697e-01 8.76857665e-01 9.75229958e-02
 9.08624605e-02 8.90926872e-01 6.87514922e-01 6.14120816e-01
 9.56379485e-02 7.58599413e-01 4.47971060e-01 2.82031908e-01
 1.26213420e-01 5.86050209e-02 8.74133120e-01 5.61873043e-01
 4.23552689e-01 2.33185535e-02 3.39523239e-01 4.93384191e-02
 7.08819804e-01 2.96632647e-01 3.26789488e-02 2.71111430e-01
 6.33310782e-01 7.68240701e-01 7.99388534e-01 2.00415785e-01
 7.61211967e-01 8.78802895e-01 8.25925337e-01 8.02614788e-01
 4.88424550e-01 7.56646507e-01 7.80577128e-01 3.10171163e-01
 5.80461564e-01 2.27963579e-01 3.24018009e-01 9.37469398e-01
 4.28924067e-01 5.87190836e-01 7.87328663e-04 6.00645819e-02
 1.74332310e-01 5.31959799e-01 2.77805058e-01 5.45900840e-01
 2.28916632e-01 9.75276071e-01 4.06270202e-01 4.07759461e-01
 9.53226672e-01 3.23419210e-02 8.74041476e-01 4.92055074e-01
 4.88669307e-01 3.24170010e-01 3.63683115e-01 3.65245874e-02
 9.93621205e-01 1.64343780e-01 9.01842982e-01 3.21881769e-01
 8.31193106e-01 7.03881417e-01 4.89831813e-02 5.36308335e-01
 4.57132591e-01 6.40624512e-01 1.10742484e-01 1.22384666e-02
 9.67199594e-01 2.57171889e-01 3.33691609e-01 2.60336248e-01]
MSE: 192796.01
SSIM: 0.31