vector: [0.80258805 0.12148579 0.32393523 0.61902607 0.87288853 0.54028108
 0.98853451 0.63638767 0.36351654 0.15069872 0.06690852 0.34600681
 0.52304051 0.13972947 0.62833117 0.14002805 0.15232691 0.6007834
 0.15764529 0.01806282 0.25538995 0.11167778 0.22960007 0.96206451
 0.92040476 0.68597685 0.5463173  0.78867751 0.38596573 0.12983783
 0.41343532 0.07987891 0.47260635 0.21318383 0.65317756 0.56960576
 0.17389053 0.45631746 0.86298039 0.49434535 0.01888967 0.36637453
 0.80768046 0.4940831  0.58776734 0.90053269 0.08663298 0.68902837
 0.82082035 0.80001237 0.22651295 0.37421111 0.88721347 0.57722855
 0.41037674 0.63519468 0.2684282  0.78133546 0.66833574 0.14311043
 0.47426218 0.91414613 0.2243196  0.16739345 0.88223609 0.89189762
 0.55709516 0.20713923 0.65674312 0.83343412 0.39547479 0.21922229
 0.84534247 0.89127688 0.07106948 0.67845513 0.56030997 0.62190479
 0.12317638 0.38011483 0.18805485 0.06089395 0.62785297 0.42880278
 0.94370508 0.00637195 0.37786481 0.14584    0.60208829 0.80212357
 0.8898589  0.01307975 0.27960466 0.74483835 0.25014837 0.80606719
 0.24914042 0.86803517 0.78032704 0.78116585]
MSE: 181942.85
SSIM: 0.31