vector: [0.59224411 0.12940016 0.89295129 0.61000568 0.06329472 0.38535204
 0.35276139 0.15725213 0.24274178 0.56956922 0.13865154 0.13990528
 0.27814782 0.03634868 0.20820432 0.41478871 0.08949736 0.27222489
 0.12191317 0.45103324 0.2461463  0.37673787 0.26948519 0.72525105
 0.70862573 0.86700056 0.56302825 0.89634669 0.96647402 0.62696865
 0.08957941 0.56969436 0.44402826 0.40021467 0.31030818 0.40882454
 0.17424157 0.96896525 0.79741501 0.30351762 0.2338007  0.0568965
 0.78987199 0.22515624 0.28505712 0.43033561 0.05685735 0.84122319
 0.59620587 0.92531968 0.63895936 0.0964698  0.87379446 0.33198284
 0.84813223 0.39287087 0.99522062 0.79233265 0.71312621 0.24929326
 0.03864109 0.60121963 0.88993164 0.43333524 0.04174196 0.35634943
 0.61574856 0.00391808 0.7740029  0.72509806 0.95799188 0.99682889
 0.91310793 0.27338435 0.61650409 0.47251945 0.30023991 0.28346976
 0.93880507 0.40834901 0.17268006 0.32341381 0.41946725 0.45888574
 0.69501108 0.46256512 0.59643226 0.21520388 0.04450475 0.67284344
 0.59899205 0.06501719 0.05151273 0.03981688 0.89283362 0.98591478
 0.12786655 0.67936884 0.96738916 0.18864341]
MSE: 179616.72
SSIM: 0.32