vector: [0.16719023 0.53943023 0.44559121 0.55464958 0.83582635 0.94289336
 0.42485532 0.70715543 0.28342014 0.17170014 0.30630654 0.37457947
 0.06075537 0.68502121 0.3781035  0.31324212 0.68693872 0.97805139
 0.11311039 0.77985671 0.70647327 0.27950264 0.53075401 0.27126727
 0.98784513 0.04084249 0.97117156 0.57622164 0.14691496 0.64175171
 0.28731596 0.42050164 0.09851024 0.70779914 0.52553394 0.44309705
 0.5583501  0.65974264 0.72076327 0.27001586 0.44318204 0.82181432
 0.7610677  0.18558436 0.59429085 0.02687327 0.7045222  0.95819279
 0.66500497 0.79503942 0.99026848 0.9185571  0.97477604 0.69287084
 0.85794617 0.53726794 0.28367019 0.26560743 0.90005981 0.70827597
 0.79390774 0.34462286 0.93319658 0.86110118 0.06297945 0.83928685
 0.05029828 0.03852875 0.13183289 0.85049179 0.90101242 0.88397736
 0.85150177 0.44846447 0.40881627 0.57171621 0.08431051 0.40011058
 0.74312273 0.77958131 0.47631066 0.35520077 0.24307638 0.87891199
 0.89677722 0.58157593 0.29671774 0.26934558 0.36081934 0.07026772
 0.90281336 0.24389088 0.73949543 0.91815142 0.44922582 0.57883655
 0.44997969 0.60538958 0.79654097 0.32519336]
MSE: 196325.09
SSIM: 0.28