vector: [0.97205885 0.2326337  0.05902501 0.2568637  0.45189042 0.00319486
 0.74987626 0.45794286 0.25324232 0.24663373 0.28322201 0.24129562
 0.83826247 0.44612659 0.16500248 0.34685008 0.25769755 0.1576305
 0.31589513 0.71792482 0.70345085 0.0669154  0.62288759 0.429726
 0.47364665 0.09791747 0.57809111 0.16653512 0.71207836 0.83605214
 0.5939681  0.86859367 0.91692128 0.141077   0.62290105 0.00917498
 0.64627016 0.35133861 0.88532946 0.95115871 0.14139216 0.1231793
 0.91651395 0.08004406 0.77810343 0.12359515 0.736441   0.99901793
 0.440898   0.97756186 0.65188275 0.04713527 0.42549819 0.18692458
 0.23098213 0.17050328 0.04132395 0.58794954 0.72171346 0.93339729
 0.02920446 0.06799309 0.26330895 0.07338752 0.23519024 0.46739589
 0.52997027 0.92728408 0.40078586 0.27266665 0.75339977 0.60944545
 0.33363777 0.13817733 0.34254301 0.27989238 0.27601311 0.3734532
 0.82605608 0.95948094 0.0737955  0.39297804 0.78058415 0.91431239
 0.52304444 0.00633738 0.33823764 0.11331688 0.17070573 0.69913454
 0.78754893 0.95717087 0.49983455 0.43555062 0.8693065  0.37515114
 0.8838871  0.85514545 0.55199038 0.79189012]
MSE: 198342.00
SSIM: 0.25