vector: [0.85790238 0.38501214 0.03950894 0.78172631 0.61247296 0.27845286
 0.62387857 0.02889557 0.654565   0.51930339 0.70590749 0.12983008
 0.52231668 0.50701414 0.32797007 0.43713672 0.63122355 0.49155596
 0.40777826 0.21889396 0.05651152 0.28096889 0.41307309 0.39833628
 0.87543423 0.22706706 0.52439071 0.59534249 0.44533879 0.16795425
 0.93064406 0.12558345 0.1796606  0.38302395 0.45837099 0.56147832
 0.88622183 0.11066794 0.48741173 0.80443883 0.49823879 0.98706207
 0.76106818 0.52941136 0.1927145  0.01019492 0.18876963 0.3010819
 0.56296811 0.94773493 0.85846706 0.7233394  0.82064644 0.70645955
 0.04767556 0.53316883 0.78801397 0.21857151 0.3260555  0.57520605
 0.49448869 0.64214501 0.58203523 0.76372024 0.07560139 0.10304873
 0.75442746 0.97838757 0.55530086 0.98495146 0.69962609 0.08733841
 0.64665373 0.18854373 0.08378326 0.73651424 0.52826268 0.53539577
 0.90381993 0.46695394 0.70321274 0.07542497 0.10726617 0.2860085
 0.71242004 0.63926809 0.53765618 0.10978681 0.93703192 0.5353524
 0.957654   0.63091612 0.04317727 0.48845031 0.84271852 0.98302021
 0.85036714 0.83381166 0.50257434 0.87500305]
MSE: 227353.24
SSIM: 0.27