vector: [0.57303583 0.01174518 0.96916088 0.07430901 0.88062925 0.64428952
 0.85506132 0.93555049 0.29271045 0.74704544 0.66914724 0.30030976
 0.69685204 0.94946424 0.0696927  0.2768247  0.01802974 0.79829403
 0.19260397 0.84332132 0.7921123  0.09455938 0.57818561 0.08509461
 0.54151942 0.88841236 0.78737785 0.86342849 0.85982949 0.82208811
 0.32240221 0.70767639 0.90067703 0.49762867 0.59960436 0.0776737
 0.02896503 0.61572077 0.21745342 0.32971044 0.01469387 0.89075263
 0.99927908 0.00762714 0.23136502 0.61336288 0.17415961 0.13553148
 0.79947615 0.99776846 0.97096386 0.78782558 0.20193009 0.39709787
 0.84853409 0.20778553 0.10965425 0.12164042 0.61216526 0.9685553
 0.18080402 0.29935854 0.16646245 0.30304802 0.25198514 0.12998943
 0.16089009 0.07729139 0.08753182 0.80055535 0.66063185 0.07850898
 0.84016127 0.21004735 0.21462948 0.25908729 0.08725544 0.17841686
 0.35898867 0.90462834 0.17717469 0.16962714 0.15811631 0.41558652
 0.38453124 0.44004624 0.71409305 0.70047944 0.34958166 0.6047897
 0.16123263 0.58773468 0.28959738 0.96068363 0.65892047 0.81982129
 0.48479954 0.99021817 0.97515878 0.62360014]
MSE: 211875.55
SSIM: 0.30