vector: [0.68022053 0.21852026 0.65072024 0.15984141 0.82837    0.59998488
 0.04197738 0.57205234 0.47653215 0.3756785  0.79129454 0.48702112
 0.45858007 0.87434191 0.50255701 0.74214173 0.68713813 0.7488378
 0.26923542 0.04410483 0.45107673 0.97615042 0.10572786 0.56273839
 0.60960125 0.21868221 0.51723073 0.54862341 0.9687744  0.52149949
 0.38385815 0.91768157 0.84023931 0.18596648 0.12133684 0.32511983
 0.50487378 0.24457077 0.54304399 0.20333865 0.89751914 0.38152257
 0.8473696  0.07901901 0.11516598 0.30572535 0.40143372 0.04729418
 0.65511316 0.84313464 0.00753331 0.14231477 0.05736305 0.21049282
 0.60667311 0.91656964 0.20379398 0.6679033  0.52794648 0.40874597
 0.98764916 0.48650672 0.6878506  0.63246588 0.30499786 0.98332131
 0.15978341 0.32455816 0.39155262 0.11042115 0.50726615 0.67259158
 0.77899828 0.35162111 0.55067965 0.89107666 0.31802413 0.83021527
 0.90086918 0.80650976 0.13390834 0.08517684 0.79519367 0.59912341
 0.89992744 0.25410609 0.6149026  0.26996359 0.84008565 0.25908494
 0.71368881 0.12591756 0.17630022 0.33105383 0.14512143 0.32595984
 0.72488327 0.70014738 0.84545938 0.57496417]
MSE: 211772.59
SSIM: 0.27