vector: [0.01542025 0.29394582 0.30169403 0.00164712 0.64390748 0.15353861
 0.77040749 0.46039933 0.05692061 0.31128391 0.9423694  0.34053252
 0.25956328 0.46576835 0.34150205 0.35545109 0.26014183 0.72938039
 0.39772198 0.01198966 0.00884664 0.8534151  0.66988907 0.07134574
 0.73657098 0.26275968 0.69166091 0.66581314 0.93524521 0.22846448
 0.19563852 0.94597214 0.41043092 0.97760052 0.96774173 0.46204543
 0.21629326 0.03638134 0.92320242 0.71604197 0.2796793  0.21404759
 0.14024427 0.22393493 0.21752064 0.01721784 0.38637904 0.55002209
 0.5459951  0.380948   0.10318749 0.11555696 0.07218051 0.47757632
 0.38041763 0.67702894 0.18650127 0.98035521 0.20291024 0.09963541
 0.97135614 0.08278915 0.85430906 0.43981842 0.91166638 0.39773984
 0.7529148  0.32664662 0.75867673 0.80666052 0.8786903  0.62388046
 0.03815353 0.47028469 0.991859   0.88037653 0.66781208 0.51778215
 0.92661979 0.14935731 0.28280053 0.23743491 0.24699549 0.54261603
 0.18709446 0.40047402 0.62904749 0.15082435 0.38103883 0.38626741
 0.9776434  0.13747972 0.28275187 0.04324949 0.36392956 0.46918568
 0.74014789 0.9957406  0.3097379  0.6207756 ]
MSE: 210579.03
SSIM: 0.26