vector: [0.86239569 0.20907519 0.97024178 0.31682745 0.28716068 0.62605172
 0.71124128 0.70132626 0.29014759 0.6979812  0.11065471 0.20570638
 0.20323554 0.081555   0.64245354 0.69065079 0.79287975 0.52428893
 0.24525823 0.65211056 0.92480875 0.87914242 0.20695277 0.45004108
 0.34827994 0.24958085 0.7452528  0.90522411 0.11065756 0.35498552
 0.18242923 0.33599923 0.38094662 0.17293009 0.00889224 0.96089893
 0.82365254 0.6114018  0.85316334 0.39803861 0.23614416 0.58117632
 0.94569997 0.52943301 0.38789784 0.30399358 0.04378093 0.49705553
 0.6762483  0.82594835 0.7150749  0.47542438 0.72170609 0.99583499
 0.90509518 0.3319994  0.10957389 0.90038746 0.84228339 0.21081906
 0.08240279 0.55250084 0.30678475 0.4892787  0.28871408 0.03759238
 0.03863059 0.26947352 0.63550716 0.66250861 0.48172239 0.83814498
 0.20105099 0.68275643 0.06511493 0.07179272 0.57666205 0.29375927
 0.91785671 0.56644387 0.31620549 0.73373999 0.54510088 0.0291842
 0.3676339  0.18829632 0.83767724 0.37966599 0.69975027 0.76535181
 0.50687458 0.6032868  0.16263578 0.6803226  0.18180933 0.66766926
 0.09410122 0.77439477 0.56790195 0.58812701]
MSE: 169148.42
SSIM: 0.30