vector: [9.23973151e-01 7.83880586e-01 9.50498717e-01 3.62746541e-01
 5.89484347e-01 8.76824881e-01 1.92918654e-01 3.05123280e-01
 2.61454047e-01 1.89099904e-01 6.51102466e-02 2.68944001e-01
 1.83499642e-01 1.79656668e-01 4.69608342e-02 5.46740453e-01
 6.69554319e-01 9.92263473e-01 8.69159154e-01 2.86021097e-02
 1.44889625e-01 8.02879685e-01 4.98306399e-01 7.74827468e-01
 8.44827911e-01 9.11543997e-02 9.38592261e-01 5.61000224e-01
 5.69983942e-01 1.42969962e-01 4.01923662e-01 5.74274289e-01
 5.12036463e-01 3.38742957e-01 9.52433060e-04 2.86422497e-01
 9.91369432e-01 9.76112968e-01 8.49242604e-01 4.77774437e-01
 2.47878036e-01 4.91442336e-01 1.56454943e-01 9.40979394e-01
 8.22198647e-01 7.07113392e-01 4.52661572e-01 9.43820336e-01
 7.60578077e-01 7.70648082e-02 6.06695819e-01 6.81588710e-01
 5.66497456e-01 4.40475938e-01 5.30762196e-01 4.24111107e-01
 2.37427443e-01 7.18653812e-02 4.15489276e-01 9.79836578e-01
 7.09322078e-01 1.85199572e-01 2.51998445e-01 5.35804625e-02
 2.65020750e-01 4.46313208e-02 1.43145595e-01 9.40201948e-01
 2.12119991e-01 9.65601415e-03 8.20237693e-01 5.37268476e-02
 1.92825354e-01 4.05204337e-01 1.93915162e-01 4.00168654e-01
 5.79611318e-02 5.92755244e-02 9.91720711e-01 4.37463720e-02
 4.34475788e-01 1.98075338e-02 7.01091047e-01 2.56196177e-01
 4.98571131e-01 1.59804319e-01 1.72411111e-01 6.74783117e-02
 6.31761557e-01 4.80818909e-01 9.52650697e-02 2.57756321e-01
 4.16652280e-01 4.39050777e-01 1.08880662e-01 9.55958000e-01
 2.20890850e-01 3.81620684e-01 7.56339188e-01 5.29543419e-01]
MSE: 166744.03
SSIM: 0.22