vector: [0.6416002  0.91723172 0.71487351 0.66359463 0.39717759 0.72067636
 0.13017021 0.04780477 0.06670605 0.01621217 0.8404348  0.44230191
 0.28760722 0.28138466 0.21648552 0.87088827 0.05702728 0.01490587
 0.54006852 0.70665693 0.29677498 0.070639   0.45745381 0.09221159
 0.81947993 0.29736314 0.77632662 0.94618269 0.34644455 0.70877853
 0.88746268 0.63407494 0.24359392 0.02115774 0.05102543 0.06610894
 0.50310295 0.51234806 0.9397481  0.84565387 0.4112571  0.25074863
 0.63258148 0.7272882  0.23612584 0.02565598 0.24644275 0.3274285
 0.42263465 0.83919805 0.63877424 0.73152058 0.81878085 0.31702335
 0.03864384 0.64722836 0.0793092  0.10299388 0.40794418 0.71099909
 0.53704544 0.36842704 0.10442496 0.30233721 0.19527839 0.06367109
 0.62109477 0.50112833 0.17965145 0.04270701 0.34289825 0.28848224
 0.26407853 0.55379335 0.26392589 0.22469348 0.0494686  0.18280359
 0.93092677 0.65333121 0.52264527 0.42464576 0.08615062 0.78973612
 0.85857874 0.13341945 0.1345081  0.03494263 0.50478464 0.76262809
 0.5171271  0.59839013 0.28079963 0.29663504 0.85861981 0.79684677
 0.84941157 0.02554516 0.97043414 0.71681504]
MSE: 171169.45
SSIM: 0.23