vector: [0.33401016 0.34823201 0.65697091 0.33186913 0.62498182 0.59413139
 0.6115949  0.01284223 0.47161048 0.09263325 0.32447533 0.25042641
 0.19030567 0.67819253 0.36927629 0.36257455 0.36786735 0.33067628
 0.1104624  0.31771311 0.35106429 0.09786361 0.02364975 0.6416323
 0.70815934 0.23530782 0.34593172 0.28574847 0.5757804  0.19371768
 0.74507572 0.43778863 0.41133643 0.35097929 0.07400093 0.74025881
 0.85859848 0.2419702  0.27725261 0.40875073 0.12395568 0.12082959
 0.20054073 0.20580405 0.89788545 0.35040293 0.2221004  0.60196024
 0.50278229 0.42267781 0.16131214 0.31198704 0.59115877 0.01442474
 0.59054089 0.1300818  0.15405801 0.12541403 0.30098906 0.14318683
 0.10021474 0.06831397 0.55305192 0.11662962 0.49435293 0.5872596
 0.52810362 0.0065613  0.00703117 0.64079665 0.43050847 0.44922535
 0.74781203 0.1912952  0.27503245 0.16732323 0.43702725 0.74301936
 0.60652768 0.149861   0.58413901 0.02985153 0.83588674 0.26849436
 0.53769555 0.17076734 0.69672915 0.01683974 0.66411647 0.69565438
 0.66329959 0.66310209 0.29676526 0.61851113 0.01930268 0.87489675
 0.02126023 0.23760508 0.99719346 0.63427301]
MSE: 178477.02
SSIM: 0.22