vector: [0.14171073 0.75574719 0.68885894 0.25732952 0.33562714 0.25677302
 0.096144   0.36475472 0.25183557 0.09543626 0.31480004 0.77108649
 0.20286151 0.07481751 0.93606195 0.91919841 0.67666732 0.72038142
 0.1185248  0.48666356 0.18396775 0.20305072 0.09077434 0.46756694
 0.57126565 0.67240572 0.89037807 0.23913145 0.13686387 0.30366646
 0.53945741 0.82329332 0.47332372 0.61293871 0.02337063 0.00949785
 0.01419445 0.09870343 0.20257598 0.17186162 0.39182897 0.01979034
 0.93483829 0.36144573 0.51978457 0.18821267 0.9605634  0.80439167
 0.05274425 0.0767045  0.23241163 0.69290639 0.95934485 0.99687829
 0.93085925 0.13771847 0.6514939  0.55838602 0.68853116 0.1951848
 0.54024925 0.51124306 0.11494371 0.37430846 0.84409943 0.78311175
 0.16685147 0.58198746 0.39247863 0.66271668 0.4193185  0.36029722
 0.61005931 0.64443295 0.02301705 0.20172533 0.79743161 0.0413334
 0.16521904 0.17365284 0.32626196 0.22591123 0.89158102 0.10282601
 0.69142492 0.6573002  0.54112541 0.11095358 0.9327186  0.97646799
 0.28083329 0.64351117 0.61439762 0.18045872 0.09052364 0.87168728
 0.73886779 0.39700325 0.732867   0.02707431]
MSE: 186740.97
SSIM: 0.22